8.  후보추천하기

3
8
3 4 6 6 4 5 7 9
---------------------------------------
9 4 6

4
12
3 3 7 5 6 6 4 6 4 9 9 1
---------------------------------------
1 9 4 6

3
9
2 2 4 4 6 6 3 2 7
---------------------------------------
7 4 6

3
10
2 2 4 4 6 6 3 2 2 7
---------------------------------------
2 7 6

12.  경비원

6 5 
5
1 1
3 1
3 4
2 5
4 3
4 1
---------------------------------------
32

3 4
4
1 2
3 3
2 1
4 3
1 1
---------------------------------------
16

14.   창고다각형

6
13 6
10 4
8 7
5 7
3 3 
1 5
---------------------------------------
78

9
4 10
1 8
2 6
6 4
10 7
13 3
15 10
17 8
20 4
---------------------------------------
172

4
6 4
10 7
13 3
15 10
---------------------------------------
61

15.  진수변환

8 376 16
---------------------------------------
254 FE

16 AC 8
---------------------------------------
172 254

16.  종이 자르기

6 6
4
1 1
0 1
0 5
1 5
---------------------------------------
16

18.  극장좌석

10
3
3
9
10
---------------------------------------
16

9
2
6
7
---------------------------------------
16

19.  줄자접기

10
1 3
2 9
7 8
---------------------------------------
2.5

10
2 7
5 8
4 9
---------------------------------------
2

10
1 6
2 7
10 3
---------------------------------------
3

10 
6 8
10 1
2 3
---------------------------------------
4.5

20.  두 배열의 합

8
5
6 5 3 7 2
3
1 1 3
---------------------------------------
5

1
3
1 2 7
5
1 11 5 1 1
---------------------------------------
0

21.  십자카드문제

9999
---------------------------------------
1665

6352
---------------------------------------
850

1121
---------------------------------------
2

2111
---------------------------------------
2

3914
---------------------------------------
238

7343
---------------------------------------
1096

2356
---------------------------------------
703

22.  비밀편지

1
001001
---------------------------------------
F

1
101101
---------------------------------------
F

4
101000100110101110011101
---------------------------------------
FEED

4
101000100110101110111111
---------------------------------------
4

4
011000100111000001010000
---------------------------------------
DEAA

23. 오목

0 0 0 0 0 0 0 0 0 0 0 0 0 0 0 0 0 0 0
0 0 0 0 0 0 0 0 0 0 0 0 0 0 0 0 0 0 0
0 1 2 0 0 2 2 2 1 0 0 0 0 0 0 0 0 0 0
0 0 1 2 0 0 0 0 0 0 0 0 0 0 0 0 0 0 0
0 0 0 1 2 0 0 0 0 0 0 0 0 0 0 0 0 0 0
0 0 0 0 1 2 2 0 0 0 0 0 0 0 0 0 0 0 0
0 0 1 1 0 1 0 0 0 0 0 0 0 0 0 0 0 0 0
0 0 0 0 0 0 2 1 0 0 0 0 0 0 0 0 0 0 0
0 0 0 0 0 0 0 0 0 0 0 0 0 0 0 0 0 0 0
0 0 0 0 0 0 0 0 0 0 0 0 0 0 0 0 0 0 0
0 0 0 0 0 0 0 0 0 0 0 0 0 0 0 0 0 0 0
0 0 0 0 0 0 0 0 0 0 0 0 0 0 0 0 0 0 0
0 0 0 0 0 0 0 0 0 0 0 0 0 0 0 0 0 0 0
0 0 0 0 0 0 0 0 0 0 0 0 0 0 0 0 0 0 0
0 0 0 0 0 0 0 0 0 0 0 0 0 0 0 0 0 0 0
0 0 0 0 0 0 0 0 0 0 0 0 0 0 0 0 0 0 0
0 0 0 0 0 0 0 0 0 0 0 0 0 0 0 0 0 0 0
0 0 0 0 0 0 0 0 0 0 0 0 0 0 0 0 0 0 0
0 0 0 0 0 0 0 0 0 0 0 0 0 0 0 0 0 0 0
------------------------------------------------
1
3 2

0 0 0 0 0 0 0 0 0 0 0 0 0 0 0 0 0 0 0
0 0 0 0 0 0 0 0 0 0 0 0 0 0 0 0 0 0 0
0 0 2 0 0 2 2 2 1 0 0 0 0 0 0 0 0 0 0
0 0 1 2 0 0 0 0 2 0 0 0 0 0 0 0 0 0 0
0 0 0 1 2 0 0 2 0 0 0 0 0 0 0 0 0 0 0
0 0 0 0 1 2 2 0 0 0 0 0 0 0 0 0 0 0 0
0 0 1 1 0 2 0 0 0 0 0 0 0 0 0 0 0 0 0
0 0 0 0 2 0 2 1 0 0 0 0 0 0 0 0 0 0 0
0 0 0 0 0 0 0 0 0 0 0 0 0 0 0 0 0 0 0
0 0 0 0 0 0 0 0 0 0 0 0 0 0 0 0 0 0 0
0 0 0 0 0 0 0 0 0 0 0 0 0 0 0 0 0 0 0
0 0 0 0 0 0 0 0 0 0 0 0 0 0 0 0 0 0 0
0 0 0 0 0 0 0 0 0 0 0 0 0 0 0 0 0 0 0
0 0 0 0 0 0 0 0 0 0 0 0 0 0 0 0 0 0 0
0 0 0 0 0 0 0 0 0 0 0 0 0 0 0 0 0 0 0
0 0 0 0 0 0 0 0 0 0 0 0 0 0 0 0 0 0 0
0 0 0 0 0 0 0 0 0 0 0 0 0 0 0 0 0 0 0
0 0 0 0 0 0 0 0 0 0 0 0 0 0 0 0 0 0 0
0 0 0 0 0 0 0 0 0 0 0 0 0 0 0 0 0 0 0
------------------------------------------------
2
8 5

0 0 0 0 0 0 0 0 0 0 0 0 0 0 0 0 0 0 0
0 0 0 0 0 0 0 1 0 0 0 0 0 0 0 0 0 0 0
0 0 0 0 0 0 0 2 0 0 0 0 0 0 0 0 0 0 0
0 0 0 0 0 0 1 2 0 0 0 0 0 0 0 0 0 0 0
0 0 0 0 0 0 0 2 1 0 0 0 0 0 0 0 0 0 0
0 0 0 0 1 2 2 2 2 1 0 0 0 0 0 0 0 0 0
0 0 0 0 0 2 0 1 0 2 1 0 0 0 0 0 0 0 0
0 0 0 0 0 0 0 1 1 2 0 1 2 0 0 0 0 0 0
0 0 0 0 0 0 0 0 2 1 0 1 2 0 0 0 0 0 0
0 0 0 0 0 0 0 2 0 0 1 0 0 0 0 0 0 0 0
0 0 0 0 0 0 2 0 0 1 0 2 0 0 0 0 0 0 0
0 0 0 0 0 1 0 0 1 0 0 0 0 0 0 0 0 0 0
0 0 0 0 0 0 0 1 0 0 0 0 0 0 0 0 0 0 0
0 0 0 0 0 0 0 0 0 0 0 0 0 0 0 0 0 0 0
0 0 0 0 0 0 0 0 0 0 0 0 0 0 0 0 0 0 0
0 0 0 0 0 0 0 0 0 0 0 0 0 0 0 0 0 0 0
0 0 0 0 0 0 0 0 0 0 0 0 0 0 0 0 0 0 0
0 0 0 0 0 0 0 0 0 0 0 0 0 0 0 0 0 0 0
0 0 0 0 0 0 0 0 0 0 0 0 0 0 0 0 0 0 0
------------------------------------------------
1
13 8


0 0 0 0 0 0 0 1 0 0 0 0 0 0 0 0 0 0 0
0 0 0 0 0 0 2 1 0 0 0 0 0 0 0 0 0 0 0
0 0 0 0 0 2 0 1 0 0 1 0 0 0 0 0 0 0 0
0 0 0 0 2 1 1 1 1 2 2 0 0 0 0 0 0 0 0
0 0 0 0 0 2 0 1 2 1 0 0 0 0 0 0 0 0 0
0 0 0 0 0 2 2 2 1 2 1 0 0 0 0 0 0 0 0
0 0 0 0 0 2 1 1 1 1 2 2 0 0 0 0 0 0 0
0 0 0 0 0 0 1 0 0 0 2 0 0 0 0 0 0 0 0
0 0 0 0 0 2 0 0 0 0 0 0 0 0 0 0 0 0 0
0 0 0 0 0 0 0 0 0 0 0 0 0 0 0 0 0 0 0
0 0 0 0 0 0 0 0 0 0 0 0 0 0 0 0 0 0 0
0 0 0 0 0 0 0 0 0 0 0 0 0 0 0 0 0 0 0
0 0 0 0 0 0 0 0 0 0 0 0 0 0 0 0 0 0 0
0 0 0 0 0 0 0 0 0 0 0 0 0 0 0 0 0 0 0
0 0 0 0 0 0 0 0 0 0 0 0 0 0 0 0 0 0 0
0 0 0 0 0 0 0 0 0 0 0 0 0 0 0 0 0 0 0
0 0 0 0 0 0 0 0 0 0 0 0 0 0 0 0 0 0 0
0 0 0 0 0 0 0 0 0 0 0 0 0 0 0 0 0 0 0
0 0 0 0 0 0 0 0 0 0 0 0 0 0 0 0 0 0 0
------------------------------------------------
1
1 8

24.  연속부분 최대합

7
3 -6 9 -2 -4 5 -7
------------------------------------------------
8

25.  역수열

5
1 1 2 0 0
------------------------------------------------
4 1 2 5 3

5
0 0 0 0 0
------------------------------------------------
1 2 3 4 5

26.  소 줄세우기

8
ABCHACBA
------------------------------------------------
AABBCACH

8
ABCHDCBA
------------------------------------------------
AABBCCDH

6
ABCABC
------------------------------------------------
ABCABC

27.  주사위 쌓기

3
2 6 4 1 5 2
1 2 3 4 5 6
5 2 4 6 1 3
------------------------------------------------
18

6
6 2 1 4 3 5
1 2 3 6 4 5
3 5 4 2 1 6
3 5 1 2 6 4
4 5 6 3 2 1
4 2 6 1 3 5
------------------------------------------------
35

28.  후위연산(스택)

12 3 * 6 2 / - = 
------------------------------------------------
33

2 3 4 * + =
------------------------------------------------
14

30 10 2 * 5 / - 12 + =
------------------------------------------------
38



